Curso    Estudiantes  Aprobados  Desaprobados  Promedio
-------------------------------------------------------
304               29         11            18     10.55
326               28         19             9     11.51
305               28         14            14     10.20
324               28         13            15     10.34
330               27         17            10     11.39
313               27         12            15      9.70
325               27          9            18      8.44
301               26         15            11     10.88
308               26         14            12     11.16
317               26         13            13     10.25
323               26         12            14     10.00
316               26         12            14      9.12
306               26         11            15      9.41
327               25         15            10     11.23
310               25         14            11     10.70
329               25         12            13     10.43
315               23         14             9      9.86
307               23          9            14      8.87
311               23          5            18      7.88
320               22         13             9     10.07
321               22         12            10     12.01
302               22          7            15      9.95
309               21         11            10     10.64
318               20         12             8     10.88
322               20          8            12      9.87
314               19         13             6     12.35
312               19         10             9     11.92
328               19          9            10      9.13
319               19          6            13      8.37
303               17          9             8     10.95
