7001 21148871 207 02/10/2026
7002 22370664 214 10/10/2026
7003 49014429 215 14/11/2026
7004 70316750 209 04/10/2026
7005 27611550 211 30/11/2026
7006 78142594 206 08/11/2026
7007 29936204 208 16/10/2026
7008 15994039 203 13/12/2026
7009 36400239 204 15/12/2026
7010 77742558 208 25/11/2026
7011 10688684 211 16/12/2026
7012 10028718 209 30/12/2026
7013 11883416 204 21/11/2026
7014 46042350 201 22/12/2026
7015 60466696 215 22/12/2026
7016 78142594 214 07/10/2026
7017 57949368 208 22/12/2026
7018 70316750 203 26/12/2026
7019 36400239 204 22/12/2026
7020 43264201 203 06/12/2026
7021 46042350 207 24/12/2026
7022 51071205 209 04/11/2026
7023 70563108 207 23/11/2026
7024 46042350 206 09/11/2026
7025 76033634 208 23/10/2026
7026 28165850 205 03/12/2026
7027 46042350 206 29/11/2026
7028 62399581 208 06/12/2026
7029 36400239 213 16/10/2026
7030 28101218 214 07/12/2026
7031 30771657 204 13/10/2026
7032 70563108 215 01/10/2026
7033 77742558 207 28/11/2026
7034 46042350 201 09/12/2026
7035 15994039 206 15/11/2026
7036 60466696 204 11/12/2026
7037 28101218 209 15/10/2026
7038 30771657 210 12/12/2026
7039 28101218 211 07/11/2026
7040 43264201 202 11/12/2026
7041 21148871 207 03/11/2026
7042 21148871 211 22/10/2026
7043 49014429 212 08/10/2026
7044 21148871 209 24/10/2026
7045 28101218 210 10/11/2026
7046 39920845 215 09/10/2026
7047 15994039 205 10/11/2026
7048 10028718 201 02/11/2026
7049 76033634 207 22/11/2026
7050 22370664 202 02/10/2026
7051 70316750 205 31/10/2026
7052 21148871 211 16/10/2026
7053 49014429 206 11/12/2026
7054 11883416 215 28/11/2026
7055 27611550 210 21/11/2026
7056 65302958 207 28/10/2026
7057 36681370 211 26/12/2026
7058 79797368 211 17/11/2026
7059 66073339 205 02/11/2026
7060 22370664 212 15/11/2026
