            CODIGO             CICLO          PROMEDIO
               129                10             13.78
               149                 6             13.16
               136                 5             13.16
               131                 1             13.16
               144                 3             13.10
               118                 4             12.98
               106                 9             12.80
               107                 2             12.66
               128                10             12.52
               109                10             12.52
               135                 3             12.40
               140                 2             12.38
               126                10             12.38
               116                 7             12.00
               104                 1             11.98
               123                10             11.52
               108                 6             11.38
               103                 7             11.36
               112                 4             11.34
               138                 3             11.32
               117                 2             11.06
               133                 1             11.06
               132                 4             11.02
               113                 1             10.96
               146                10             10.90
               150                 2             10.78
               139                 9             10.66
               134                 9             10.72
               141                10             10.36
               143                 9              9.76
               114                 2              9.60
               137                 7              9.46
               148                 4              9.46
               147                10              9.16
               125                 4              8.78
               127                 1              8.38
               102                 3              8.34
               121                 7              7.92
               105                 2              7.42
               142                 5              7.20
               124                 2              6.80
               111                 9              6.40
               115                 7              6.32
               101                 6              6.24
               122                 1              4.94
               110                 1              5.76
               130                 7              4.86
               145                 2              4.70
               119                 2              4.30
               120                 9              2.82
