2012336 302 2.5 326 3.0 322 7.1 325 4.6 323 10.2 308 12.1
2006284 306 13.6 319 18.9 311 2.6 324 10.9 325 4.1
2010877 329 6.5 305 18.5 301 9.7 310 16.9 306 3.3 325 2.2 312 10.1 308 14.8
2000231 301 17.0 320 4.0 306 18.3 313 10.4 321 17.5 315 12.7 318 2.1 303 17.1 305 16.7
2002606 302 17.1 318 2.2 326 16.1 323 9.5 320 7.5 316 15.8 308 8.9 306 7.6 317 2.1
2021724 315 12.9 320 10.6 301 19.8 328 1.1 304 9.2 327 18.1 329 4.0 323 18.7
2008721 318 5.7 324 7.6 310 13.1 309 15.5 329 2.3 327 11.5 325 2.3 330 8.7 304 9.6
2010415 321 19.0 301 16.5 328 0.1 310 10.4 305 3.0 313 6.4 302 2.5 306 16.6
2005241 327 18.9 304 17.1 306 3.5 311 14.2 315 2.5 305 7.7 322 19.1 302 2.3 329 7.9
2010932 321 16.3 322 8.8 326 19.9 310 6.0 303 6.5 315 4.6 328 13.6 324 9.6
2015957 326 1.3 303 5.3 311 5.3 304 5.2 307 2.1
2004803 315 0.4 310 7.2 325 7.6 304 7.5 308 18.9 303 11.4 321 16.0 302 9.0 307 6.9
2007670 301 9.4 323 3.3 321 14.8 318 2.6 309 3.5 302 9.1 308 9.8 324 16.3 307 3.0
2017236 316 7.5 328 1.6 326 7.1 317 11.9 302 8.5 325 4.1
2021591 309 15.6 315 8.7 305 17.8 314 18.8 317 19.0 311 6.6 313 15.2 329 9.9 304 9.5
2009268 305 13.6 327 18.9 304 14.7 323 1.0 311 2.3
2013875 311 17.4 308 11.2 328 15.7 317 10.7 330 3.0 324 1.2 325 15.6 303 2.2
2005689 320 0.9 303 6.8 330 2.9 308 13.6 329 3.8 316 0.7 307 19.1 326 5.7
2013390 315 13.6 319 5.9 313 6.4 317 1.5 305 6.1
2013160 301 5.4 325 15.7 309 8.8 308 9.2 311 0.4 317 19.0
2012859 306 1.3 314 12.4 320 19.5 307 3.0 309 4.1 329 2.3 328 17.4
2018321 315 4.3 312 11.3 308 2.6 317 5.4 303 9.0 313 18.4 301 0.1 302 15.7
2020651 309 6.9 325 0.7 329 14.0 319 2.8 317 18.2 323 16.9 303 19.8 306 8.5
2023844 316 12.6 319 4.4 315 15.1 305 18.3 326 4.4
2012644 301 17.3 311 1.4 327 0.8 317 16.4 304 19.5 322 1.2 313 10.2
2008233 316 17.8 327 11.7 302 15.9 308 7.4 321 8.1 326 10.7 328 15.9 319 3.6 325 14.3
2011506 304 4.0 330 17.0 313 2.9 329 11.2 326 12.8
2019897 307 6.7 327 4.7 325 16.8 329 3.6 322 16.8 318 15.0 301 18.9 306 14.9 314 18.4
2012975 302 11.3 313 15.7 327 15.4 304 19.0 315 0.1
2009433 321 0.9 316 3.7 325 2.8 306 2.1 314 2.1 328 16.0 301 7.3 308 5.1
2007930 306 2.0 326 18.1 309 0.3 311 8.6 312 14.6
2002671 326 6.1 308 19.7 316 7.4 325 4.4 315 14.1 330 11.2 318 18.9 306 15.0 320 15.5
2020172 310 15.4 321 18.9 318 10.9 305 5.8 329 9.1
2021668 330 12.3 329 0.8 314 17.1 304 7.1 301 11.4 305 5.7 327 18.1
2003263 313 16.9 323 13.1 330 19.8 308 12.3 317 18.4 301 14.4 310 11.3 320 12.2
2018325 306 6.9 322 0.9 316 3.2 320 11.7 305 5.7 308 11.2 307 15.6 311 1.5 323 16.2
2012774 321 17.4 327 13.1 314 10.9 307 14.2 303 13.5 306 4.0 305 11.9
2012587 310 11.7 315 12.1 313 7.5 314 3.5 330 19.0
2016988 318 17.1 301 9.2 320 16.6 313 6.2 307 12.2 304 8.9 310 11.7 319 17.6 325 18.8
2004777 326 11.4 320 10.7 304 13.6 319 14.2 324 0.4 317 6.7 323 9.7
2024502 303 4.0 325 9.7 320 15.9 313 13.3 327 18.4 323 15.6
2001043 304 14.8 330 19.5 305 17.8 322 5.8 307 0.9 328 15.4 317 0.4 302 17.9 312 9.4
2007393 317 11.7 302 8.2 312 19.5 301 12.8 310 16.3
2015232 330 14.5 311 19.4 325 18.0 327 12.0 324 10.1 321 19.5 308 11.2
2023307 301 8.2 305 7.3 322 7.0 324 17.1 323 10.3
2014126 329 18.2 325 9.5 321 19.4 304 10.4 305 5.6 327 0.9
2020026 326 11.6 312 16.7 315 12.4 308 6.8 314 10.5 323 9.9 313 13.9 324 7.7 306 17.1
2014011 323 14.9 329 5.5 313 0.6 305 13.0 301 8.7
2024165 313 13.6 330 4.6 317 11.8 301 2.2 309 10.9 321 7.0 326 19.9 322 4.4 318 0.6
2002119 308 18.5 326 17.7 302 8.1 313 1.4 330 2.5 323 18.1
2008399 319 16.9 327 15.0 320 6.4 304 9.6 323 1.3 313 18.8 324 14.6 316 17.3
2017707 326 11.2 327 5.8 306 3.3 309 19.9 330 18.3 305 4.7
2001838 317 6.7 314 18.9 320 7.4 305 13.2 303 9.8
2020910 314 5.6 315 3.3 313 12.3 317 8.0 322 10.3
2021125 318 5.8 311 8.2 330 14.1 327 18.9 309 18.2 320 7.0 313 1.1 308 9.5 312 19.7
2008920 319 6.4 316 14.3 329 17.4 327 15.6 311 15.9 305 10.5 325 1.1 320 7.4 315 1.7
2004949 316 0.5 310 14.6 318 19.3 324 15.8 330 5.9 319 4.9 315 12.2 306 6.4
2023187 313 12.5 330 5.8 309 4.4 324 13.0 311 8.5 308 14.6
2013166 316 13.2 304 19.6 324 5.7 329 16.1 322 6.8
2021579 325 6.9 308 7.4 312 8.4 301 11.6 327 2.3 316 4.6
2000245 312 5.4 329 18.2 323 0.3 311 11.9 330 12.4 317 8.8
2019699 316 3.8 310 7.3 321 7.8 312 16.2 302 10.3 309 6.8
2014878 324 18.7 326 15.7 323 0.5 325 16.5 318 12.3 304 2.9 330 16.6
2005653 309 8.3 310 5.7 326 4.5 317 7.9 307 12.5 314 8.8
2012570 319 2.3 304 11.7 315 13.3 306 10.3 316 5.6 310 5.5
2011236 304 16.1 316 19.3 320 11.8 326 15.0 313 8.8 315 10.0 307 3.4
2013345 304 5.0 305 12.9 329 16.6 330 14.2 301 12.7 318 13.4 322 11.9 324 5.9 312 11.2
2000253 311 3.9 324 10.0 323 1.3 310 4.0 304 10.4
2009331 319 4.9 324 1.1 321 19.7 310 16.7 308 15.0 328 9.6 325 5.7 316 11.5
2014450 330 18.5 312 4.7 326 15.0 305 17.7 329 14.7 316 6.8 328 10.3 324 8.6 307 6.0
2008706 316 0.4 319 6.6 314 5.2 320 10.7 325 2.5 302 8.5 323 1.5
2008220 314 19.4 304 10.0 330 17.9 303 15.7 301 1.8 310 9.3 328 0.5 317 1.7 302 8.3
2006838 305 4.4 311 10.4 330 2.0 324 12.0 323 17.5 316 2.0 309 12.2 322 9.0 326 14.0
2022489 309 6.2 329 18.3 327 9.1 318 10.8 326 19.4 314 18.7 307 9.0 328 12.1
2002719 307 17.1 324 6.1 306 14.8 317 19.2 316 13.4 322 13.1 301 11.1 330 1.0
2023884 314 12.2 302 1.8 318 8.9 311 8.7 324 4.5 310 1.0 329 10.9
2009565 307 17.9 305 3.5 319 0.8 330 5.8 303 11.3 327 10.1 326 11.0 304 1.3 314 17.1
2017384 301 14.6 322 4.9 307 10.3 321 0.6 308 7.9 323 1.4 318 15.7
2003498 321 9.9 322 19.0 315 11.8 327 7.7 320 0.8 318 18.2 317 11.3 304 8.1
2021945 319 12.0 304 19.3 305 6.9 313 17.7 308 8.5 328 13.5 303 14.3
2002964 330 10.6 325 18.5 324 12.5 310 19.2 302 16.4 312 9.4 311 7.0 321 5.6
2017981 329 8.4 313 1.2 330 10.8 309 14.9 324 18.8 310 10.9
2021011 323 15.4 312 8.6 325 0.9 316 15.5 304 1.4 301 10.5 327 10.6 324 12.5
2022423 302 19.5 324 16.1 318 5.1 307 1.8 320 11.5 309 15.2 317 12.6
2007998 307 16.6 315 13.5 326 1.7 323 14.9 308 13.0 320 14.8
2001124 312 11.5 305 5.9 325 1.5 310 17.9 307 2.7 321 2.6
2013873 315 19.2 322 10.9 307 4.8 321 15.7 308 9.2 326 13.4 318 16.8
2010964 314 6.1 315 10.6 321 0.2 306 3.0 310 1.3
2004441 301 13.4 307 14.0 303 19.5 319 9.5 309 19.2 304 14.0 302 9.5
2003731 321 19.9 323 15.8 305 13.9 306 5.4 327 15.2 310 16.7
2003218 311 7.0 308 11.7 302 10.0 306 6.9 329 18.2 323 10.0 316 15.3
2018961 316 14.3 322 14.2 317 2.1 306 12.7 326 14.4 324 8.0 321 7.4 323 12.8
2015621 303 4.0 328 15.1 320 5.8 326 3.2 312 6.8 316 6.1
2022649 305 5.1 325 18.9 310 2.0 320 12.9 313 3.8 322 8.9 312 5.9 329 8.0 328 0.0
2022248 309 5.6 306 16.2 302 6.6 319 18.6 311 9.4 305 12.5 318 16.2 312 17.5 317 17.1
2010721 312 19.5 304 6.5 317 9.5 311 4.1 324 17.6 309 12.8 327 0.7 330 18.5
2024537 315 17.6 301 6.2 326 18.0 306 16.7 303 16.0 319 3.7 322 17.3 327 7.2
2024617 328 2.2 313 5.0 317 8.5 314 14.2 311 6.6
2014951 313 6.7 329 14.9 328 8.9 324 7.1 316 4.4 306 14.2 319 5.0
2001573 307 4.2 310 15.3 328 4.5 313 14.9 301 12.6 325 4.3 309 14.1 314 14.8
