87999224	07.97
32641512	07.48
31622288	04.04
89827892	09.70
93849414	13.08
93567007	05.84
79370267	06.90
39800767	13.50
55799267	05.31
31459411	19.14
19442779	13.88
32829341	19.85
77791247	06.19
41523197	12.32
28628762	15.23
20015774	14.91
11049964	16.08
17002625	11.72
73074549	06.31
72260880	19.37
30279975	13.16
29616069	15.01
61887671	19.36
57677607	14.11
30778656	10.75
40572625	03.29
94801916	10.61
62952286	10.28
63187974	05.19
83824584	10.27
26760720	10.66
10426897	12.60
69975924	01.80
21463033	05.18
60314945	13.58
37021033	06.30
54148149	01.38
88975385	16.03
88566024	19.31
44625034	12.88
83730137	01.86
66102158	14.29
11373524	01.08
42986075	01.19
41734034	03.14
36988423	14.47
75022922	02.03
84088571	04.81
59019071	05.14
81717202	17.68
44520365	07.60
49597855	18.55
29054489	03.79
14984786	13.72
68952901	16.42
37992746	15.05
83877584	08.60
31333066	10.21
25127631	07.54
92739752	11.04
35055815	05.66
18059917	16.67
98785064	09.49
59801043	19.02
62029238	07.98
59452071	05.23
26438701	13.43
43365793	13.44
56521133	14.42
40264209	15.64
69409697	16.97
68633808	15.00
70817756	01.58
97082634	06.27
43159418	09.71
81916952	08.47
62193384	11.96
18810580	06.82
54611046	17.14
16198365	09.82
62077736	01.89
97956000	18.94
93376191	10.93
73200458	07.77
76780341	03.19
22608256	15.13
98309841	11.61
60406829	19.13
70137445	02.64
96628882	06.73
90688951	13.75
89683258	05.43
18521674	19.26
59493918	07.16
19410895	04.74
37061101	19.33
12623891	01.02
45662273	04.06
97823297	09.60
31782539	12.02
19648861	13.29
43944461	04.12
52694430	18.20
99514657	16.96
77302016	12.87
64595621	03.73
49189871	04.97
32290940	18.60
96417278	08.53
88428812	18.48
43522946	15.62
64975808	10.70
51528519	11.35
78211134	04.89
13798284	15.03
62264603	19.57
27923137	18.09
63890277	05.18
14572805	04.50
87949053	18.56
64302188	04.88
73706075	16.09
46988037	12.67
34688423	12.58
23861098	07.25
90712606	09.97
66107047	09.73
98372475	08.96
19519637	05.28
85405767	03.37
14665604	19.26
51153028	17.87
31889059	15.42
61320282	15.88
13117093	07.05
79747959	03.71
15023950	18.35
16630638	10.98
45489989	09.45
63867378	05.83
61728451	12.96
38992954	02.41
93401706	03.38
74385217	02.88
14925437	04.68
80569890	00.50
89258091	03.45
75022109	05.86
77932143	01.69
90159735	11.73
91053816	18.07
74299232	08.04
85178434	19.54
19321590	03.59
36491545	10.69
76573438	11.09
41315326	05.52
75973329	15.63
13348546	15.88
66408106	05.40
84690420	00.31
32901527	04.09
19842436	06.13
86904700	05.39
99882424	13.41
63410190	09.86
30961249	14.71
77785761	11.95
99269298	15.43
30648269	05.01
41172431	12.12
86707904	05.22
55376649	02.27
82497619	18.23
61778204	12.57
28590993	18.92
35441307	02.56
80548569	14.55
19296559	11.48
75889074	13.48
97275122	01.68
32139144	01.69
89108941	17.02
85020004	18.10
17708251	03.32
74286694	13.06
66519042	15.55
23228956	19.76
56026134	06.83
90447160	08.39
53720350	11.78
80806332	02.83
18766419	14.20
28735277	09.55
47749676	03.34
19306006	07.94
66311227	06.86
64688870	09.27
96523021	05.28
53523706	04.55
85252769	10.79
15625219	01.03
25543729	08.22
34639864	00.62
53956154	12.80
74303776	10.98
96132481	19.23
50805677	19.45
64439557	06.85
78780712	14.45
63544710	09.54
26895685	14.16
53777750	15.90
94087013	18.63
53476223	07.66
38466438	19.51
67541196	01.14
92663368	05.97
52092998	14.60
94093726	14.39
15642512	05.02
70575363	17.31
11914316	11.90
82297535	06.59
43851697	15.91
28697976	12.89
43000382	17.19
13601821	10.76
29451115	07.27
63279189	15.76
13397990	08.93
24442656	12.57
76285674	15.65
10380103	19.40
18552883	19.37
39475276	02.79
78854627	15.81
35086469	09.46
64628582	04.53
97471430	14.88
20215051	01.01
49140383	09.55
16552503	06.94
33356315	08.56
75335129	18.96
56521665	09.83
83204793	18.44
26982306	15.81
79447796	10.46
41231787	07.97
41682948	12.71
59086748	10.48
29611177	02.30
77527788	05.63
48652127	03.72
33527984	04.54
60708896	10.60
51628595	07.48
22517485	13.93
22729092	07.24
48906318	08.08
52674774	02.31
67316968	13.31
11895335	01.25
47760793	09.39
47041651	08.23
74001607	13.12
21873423	02.32
51336010	16.32
42420694	15.93
